8.333,30,249,65
B0,mixamorig_Hips,-1,0.9945677518844604,-0.051377229392528534,0.09052680432796478,0,0.05709592625498772,0.9964576363563538,-0.06175028905272484,0,-0.08703380078077316,0.06658380478620529,0.9939777851104736,0,-0.3367893695831299,105.00897979736328,1.4792132377624512,1
B1,mixamorig_Spine,0,0.9979625344276428,0.05496456101536751,-0.03240669146180153,0,-0.05740049481391907,0.9951590299606323,-0.07977233082056046,0,0.027865519747138023,0.08147013187408447,0.9962860345840454,0,-0.03810499981045723,9.49051284790039,-1.392063021659851,1
B2,mixamorig_Spine1,1,0.9995599985122681,0.029329946264624596,-0.004434280563145876,0,-0.029225118458271027,0.9993280172348022,0.02212565578520298,0,0.005080366972833872,-0.021985914558172226,0.9997450709342957,0,0,11.190835952758789,0,1
B3,mixamorig_Spine2,2,0.9996629953384399,0.02546994574368,-0.004982280544936657,0,-0.024285493418574333,0.9857379198074341,0.16652865707874298,0,0.009152625687420368,-0.16635100543498993,0.9860240817070007,0,0,12.789533615112305,0,1
B4,mixamorig_Neck,3,0.9999740123748779,0.005730881821364164,0.004449689295142889,0,-0.006145193707197905,0.9950284361839294,0.09939674288034439,0,-0.0038577753584831953,-0.09942165017127991,0.9950374960899353,0,-0.05686800181865692,14.235771179199219,-2.088092088699341,1
B5,mixamorig_Head,4,0.9998756647109985,-0.005134568549692631,-0.014894017949700356,0,0.0028944723308086395,0.9891805052757263,-0.14667785167694092,0,0.01548587903380394,0.14661666750907898,0.9890722036361694,0,0,3.2802159786224365,0.3133319914340973,1
B6,mixamorig_HeadTop_End,5,1,0,0,0,0,1,0,0,0,0,1,0,0,25.65349578857422,2.450463056564331,1
B7,mixamorig_LeftShoulder,3,0.3050384819507599,0.014635978266596794,-0.9522280097007751,0,0.8597601056098938,-0.43426933884620667,0.26874175667762756,0,-0.4095897674560547,-0.900664210319519,-0.14505207538604736,0,6.72877311706543,11.756621360778809,-2.058459997177124,1
B8,mixamorig_LeftArm,7,0.9397465586662292,0.3167191743850708,-0.12870782613754272,0,-0.061566222459077835,0.5271053314208984,0.8475663065910339,0,0.33628347516059875,-0.7885738611221313,0.5148444175720215,0,0,14.448802947998047,0,1
B9,mixamorig_LeftForeArm,8,0.9996641874313354,0.02591175213456154,0,0,-0.02591175213456154,0.9996641874313354,0,0,0,0,1,0,0,23.160301208496094,0,1
B10,mixamorig_LeftHand,9,0.8365924954414368,0.028619755059480667,0.5470777750015259,0,-0.08043934404850006,0.9942281246185303,0.07099646329879761,0,-0.5418883562088013,-0.10340151935815811,0.834065854549408,0,0,24.07175064086914,0,1
B11,mixamorig_LeftHandThumb1,10,0.8790889978408813,0.47335898876190186,-0.05597899854183197,0,-0.42075198888778687,0.8258010149002075,0.37552791833877563,0,0.22398699820041656,-0.30656901001930237,0.9251189827919006,0,-1.5090490579605103,4.173385143280029,1.9265249967575073,1
B12,mixamorig_LeftHandThumb2,11,0.8386459946632385,-0.5296229720115662,-0.12717099487781525,0,0.5050190091133118,0.8435519933700562,-0.18269191682338715,0,0.2040330022573471,0.08899000287055969,0.9749109745025635,0,0,3.8703739643096924,0,1
B13,mixamorig_LeftHandThumb3,12,0.9883800148963928,-0.0015429999912157655,0.1519940048456192,0,0.038701001554727554,0.9695500135421753,-0.24181799590587616,0,-0.14699290692806244,0.2448900043964386,0.9583430290222168,0,0,4.710647106170654,0,1
B14,mixamorig_LeftHandThumb4,13,1,0,0,0,0,1,0,0,0,0,1,0,0,3.8303608894348145,0,1
B15,mixamorig_LeftHandIndex1,10,0.9998570084571838,0.01692100055515766,-0.00034699999378062785,0,-0.016726000234484673,0.9910889863967896,0.13214999437332153,0,0.002580000087618828,-0.13212500512599945,0.9912300109863281,0,-2.855504035949707,14.669352531433105,0.39876100420951843,1
B16,mixamorig_LeftHandIndex2,15,0.999521017074585,-0.03058999963104725,-0.004672999959439039,0,0.03058999963104725,0.9539200067520142,0.2984969913959503,0,-0.004672999959439039,-0.2984969913959503,0.9543989896774292,0,0,3.2486159801483154,0,1
B17,mixamorig_LeftHandIndex3,16,0.9998970031738281,-0.014328000135719776,-0.001006999984383583,0,0.014328000135719776,0.9900739789009094,0.13981600105762482,0,-0.001006999984383583,-0.13981600105762482,0.9901769757270813,0,0,2.6595799922943115,0,1
B18,mixamorig_LeftHandIndex4,17,1,0,0,0,0,1,0,0,0,0,1,0,0,3.633178949356079,0,1
B19,mixamorig_LeftHandMiddle1,10,0.9989169836044312,-0.04651099815964699,0.0013299999991431832,0,0.04441700130701065,0.9616649746894836,0.27060699462890625,0,-0.01386599987745285,-0.2702549993991852,0.9626889824867249,0,-0.000014999999621068127,14.409810066223145,0.00001700000029813964,1
B20,mixamorig_LeftHandMiddle2,19,0.9995189905166626,-0.030640000477433205,-0.004689000081270933,0,0.030640000477433205,0.953764021396637,0.2989919185638428,0,-0.004689000081270933,-0.2989919185638428,0.9542440176010132,0,0,3.25907301902771,0,1
B21,mixamorig_LeftHandMiddle3,20,0.9994630217552185,-0.0323529988527298,-0.005243000108748674,0,0.0323529988527298,0.9483050107955933,0.3157060146331787,0,-0.005241999868303537,-0.3157060146331787,0.9488419890403748,0,0,2.6398611068725586,0,1
B22,mixamorig_LeftHandMiddle4,21,1,0,0,0,0,1,0,0,0,0,1,0,0,3.673861026763916,0,1
B23,mixamorig_LeftHandRing1,10,0.9979779720306396,-0.06351900100708008,-0.0023849999997764826,0,0.0601079985499382,0.9308590292930603,0.360400915145874,0,-0.02067199908196926,-0.35981592535972595,0.9327940344810486,0,3.3049399852752686,13.191457748413086,-0.3220199942588806,1
B24,mixamorig_LeftHandRing2,23,0.9993090033531189,-0.0365540012717247,-0.006743913982063532,0,0.0365540012717247,0.9335060119628906,0.35669392347335815,0,-0.006742999888956547,-0.35669392347335815,0.9341970086097717,0,0,2.7176339626312256,0,1
B25,mixamorig_LeftHandRing3,24,0.9994940161705017,-0.03142400085926056,-0.004937999881803989,0,0.03142400085926056,0.9513120055198669,0.30662399530410767,0,-0.004937999881803989,-0.30662399530410767,0.9518179893493652,0,0,2.134459972381592,0,1
B26,mixamorig_LeftHandRing4,25,1,0,0,0,0,1,0,0,0,0,1,0,0,2.7868731021881104,0,1
B27,mixamorig_LeftHandPinky1,10,0.9951720237731934,-0.09681899845600128,-0.01611500047147274,0,0.09353899955749512,0.8858090043067932,0.4545249938964844,0,-0.029731914401054382,-0.4538379907608032,0.8905879855155945,0,5.614214897155762,11.6363525390625,0.5165519714355469,1
B28,mixamorig_LeftHandPinky2,27,0.9995189905166626,-0.03064100071787834,-0.004689000081270933,0,0.03064100071787834,0.9537609815597534,0.29899901151657104,0,-0.004689000081270933,-0.29899901151657104,0.9542419910430908,0,0,1.5593760013580322,0,1
B29,mixamorig_LeftHandPinky3,28,0.9995669722557068,-0.029103999957442284,-0.004220000002533197,0,0.029103999957442284,0.9583849906921387,0.2839930057525635,0,-0.004220999777317047,-0.2839930057525635,0.9588170051574707,0,0,1.540611982345581,0,1
B30,mixamorig_LeftHandPinky4,29,1,0,0,0,0,1,0,0,0,0,1,0,0,1.6687040328979492,0,1
B31,mixamorig_RightShoulder,3,0.27897676825523376,-0.015570816583931446,0.9601714015007019,0,-0.8488564491271973,-0.47151607275009155,0.2389880120754242,0,0.44901490211486816,-0.8817203640937805,-0.14475968480110168,0,-6.7287678718566895,11.756747245788574,-2.058465003967285,1
B32,mixamorig_RightArm,31,0.8646267652511597,-0.3986715078353882,0.30574753880500793,0,0.029480336233973503,0.6477659940719604,0.7612690329551697,0,-0.5015485286712646,-0.6492001414299011,0.5718290209770203,0,0,14.448811531066895,0,1
B33,mixamorig_RightForeArm,32,0.9930380582809448,-0.11779714375734329,0,0,0.11779714375734329,0.9930380582809448,0,0,0,0,1,0,0,23.16029930114746,0,1
B34,mixamorig_RightHand,33,0.937332808971405,0.010728495195508003,-0.3482699692249298,0,0.028031041845679283,0.9939640164375305,0.10606250911951065,0,0.3473055064678192,-0.10917840152978897,0.9313747882843018,0,0,24.071699142456055,0,1
B35,mixamorig_RightHandThumb1,34,0.8638030290603638,-0.5029540061950684,0.029690084978938103,0,0.4568580090999603,0.8067569732666016,0.37473198771476746,0,-0.21242600679397583,-0.3101300001144409,0.9266579747200012,0,1.5090420246124268,4.173398971557617,1.9270000457763672,1
B36,mixamorig_RightHandThumb2,35,0.8012430667877197,0.5889829397201538,0.10539499670267105,0,-0.5696340203285217,0.8047810792922974,-0.16686491668224335,0,-0.18310090899467468,0.07366199791431427,0.9803310036659241,0,0,3.870431900024414,0,1
B37,mixamorig_RightHandThumb3,36,0.9882659912109375,0.01017099991440773,-0.15240299701690674,0,-0.05690399929881096,0.9504690170288086,-0.3055660128593445,0,0.14174599945545197,0.3106530010700226,0.93989497423172,0,0,4.710330009460449,0,1
B38,mixamorig_RightHandThumb4,37,1,0,0,0,0,1,0,0,0,0,1,0,0,3.8303680419921875,0,1
B39,mixamorig_RightHandIndex1,34,0.999750018119812,-0.02234099991619587,0.0006540860049426556,0,0.022105000913143158,0.9926750063896179,0.1187720000743866,0,-0.003303085919469595,-0.11872799694538116,0.992920994758606,0,2.8554959297180176,14.669398307800293,0.39899998903274536,1
B40,mixamorig_RightHandIndex2,39,0.9997149705886841,0.023581000044941902,0.0036100000143051147,0,-0.023581000044941902,0.9539200067520142,0.29913198947906494,0,0.0036100000143051147,-0.29913198947906494,0.9542049765586853,0,0,3.2486000061035156,0,1
B41,mixamorig_RightHandIndex3,40,0.9999390244483948,0.011045999825000763,0.0007779139559715986,0,-0.011045999825000763,0.9900739789009094,0.1401129961013794,0,0.0007770860102027655,-0.1401129961013794,0.9901350140571594,0,0,2.659600019454956,0,1
B42,mixamorig_RightHandIndex4,41,1,0,0,0,0,1,0,0,0,0,1,0,0,3.6331000328063965,0,1
B43,mixamorig_RightHandMiddle1,34,0.9992820024490356,0.03779991343617439,-0.0024629998952150345,0,-0.03587200120091438,0.9652159810066223,0.25898289680480957,0,0.012167000211775303,-0.25870800018310547,0.9658790230751038,0,0.000006000000212225132,14.409799575805664,0,1
B44,mixamorig_RightHandMiddle2,43,0.9997140169143677,0.023618999868631363,0.003622000105679035,0,-0.023618999868631363,0.953764021396637,0.29962900280952454,0,0.003622000105679035,-0.29962900280952454,0.9540489912033081,0,0,3.2590999603271484,0,1
B45,mixamorig_RightHandMiddle3,44,0.9996809959411621,0.024940000846982002,0.004050000105053186,0,-0.024940000846982002,0.9483060240745544,0.3163769245147705,0,0.004050000105053186,-0.3163769245147705,0.9486250281333923,0,0,2.6398000717163086,0,1
B46,mixamorig_RightHandMiddle4,45,1,0,0,0,0,1,0,0,0,0,1,0,0,3.6738998889923096,0,1
B47,mixamorig_RightHandRing1,34,0.9986079931259155,0.05274200066924095,0.00037200000951997936,0,-0.049545999616384506,0.9356210827827454,0.34951090812683105,0,0.01808599941432476,-0.3490429222583771,0.9369320273399353,0,-3.3049440383911133,13.19150161743164,-0.32199999690055847,1
B48,mixamorig_RightHandRing2,47,0.9995890259742737,0.02817700058221817,0.0052089998498559,0,-0.028177915140986443,0.9335060119628906,0.35745200514793396,0,0.0052089998498559,-0.35745200514793396,0.9339169859886169,0,0,2.717600107192993,0,1
B49,mixamorig_RightHandRing3,48,0.9996989965438843,0.024222999811172485,0.0038139999378472567,0,-0.024222999811172485,0.9513120055198669,0.3072769045829773,0,0.0038149140309542418,-0.3072769045829773,0.9516130089759827,0,0,2.134500026702881,0,1
B50,mixamorig_RightHandRing4,49,1,0,0,0,0,1,0,0,0,0,1,0,0,2.786799907684326,0,1
B51,mixamorig_RightHandPinky1,34,0.9963840246200562,0.08399800211191177,0.012759000062942505,0,-0.08088599890470505,0.8918870091438293,0.4449669122695923,0,0.025996999815106392,-0.4443899095058441,0.8954560160636902,0,-5.921977996826172,11.636402130126953,0.5170000195503235,1
B52,mixamorig_RightHandPinky2,51,0.9997140169143677,0.0236200001090765,0.0036220860201865435,0,-0.0236200001090765,0.9537619948387146,0.29963499307632446,0,0.003622000105679035,-0.29963499307632446,0.9540470242500305,0,0,1.5592999458312988,0,1
B53,mixamorig_RightHandPinky3,52,0.9997429847717285,0.022434914484620094,0.0032599999103695154,0,-0.022434914484620094,0.9583839774131775,0.2845979928970337,0,0.0032599999103695154,-0.2845979928970337,0.958640992641449,0,0,1.5405999422073364,0,1
B54,mixamorig_RightHandPinky4,53,1,0,0,0,0,1,0,0,0,0,1,0,0,1.6686999797821045,0,1
B55,mixamorig_RightUpLeg,0,-0.981603741645813,-0.05330005660653114,-0.18334010243415833,0,0.05119454860687256,-0.9985570311546326,0.01620469056069851,0,-0.1839391589164734,0.006520270835608244,0.9829161763191223,0,-9.940977096557617,-5.272416114807129,-1.0108850002288818,1
B56,mixamorig_RightLeg,55,0.9838769435882568,-0.08394136279821396,-0.15792515873908997,0,0.04104718193411827,0.9654263854026794,-0.257423460483551,0,0.1740737408399582,0.24678978323936462,0.9533060193061829,0,0,43.36484146118164,0,1
B57,mixamorig_RightFoot,56,0.9893189072608948,0.014280343428254128,-0.14506398141384125,0,0.11525968462228775,0.5325941443443298,0.8384859561920166,0,0.0892333909869194,-0.8462502360343933,0.525259256362915,0,0,44.4930305480957,0,1
B58,mixamorig_RightToeBase,57,0.9964650869369507,0.043718449771404266,-0.07174070924520493,0,0.025144709274172783,0.6595954298973083,0.7512000203132629,0,0.08016137033700943,-0.7503480315208435,0.6561646461486816,0,0,20,0,1
B59,mixamorig_RightToe_End,58,1,0,0,0,0,1,0,0,0,0,1,0,0,10,0,1
B60,mixamorig_LeftUpLeg,0,-0.9503097534179688,-0.13198114931583405,0.2819443643093109,0,0.18214409053325653,-0.9702056050300598,0.159763902425766,0,0.25245794653892517,0.20317968726158142,0.9460353255271912,0,9.618264198303223,-5.272315979003906,-1.0108870267868042,1
B61,mixamorig_LeftLeg,60,0.996990442276001,0.07694046944379807,0.00950661115348339,0,-0.0695611983537674,0.9419533014297485,-0.32845985889434814,0,-0.03422609716653824,0.3268103301525116,0.9444700479507446,0,0,43.3650016784668,0,1
B62,mixamorig_LeftFoot,61,0.9902138710021973,-0.07260153442621231,0.11918342858552933,0,-0.04897788539528847,0.6189111471176147,0.7839328646659851,0,-0.13067887723445892,-0.7820988893508911,0.6092983484268188,0,9.999999974752427e-7,44.49300003051758,0,1
B63,mixamorig_LeftToeBase,62,0.9968710541725159,-0.039893656969070435,0.06823256611824036,0,-0.022043654695153236,0.6886929869651794,0.7247181534767151,0,-0.07590348273515701,-0.7239551544189453,0.6856589913368225,0,0,20,0,1
B64,mixamorig_LeftToe_End,63,1,0,0,0,0,1,0,0,0,0,1,0,0,10,0,1
@52,0,1,2,3,4,5,7,8,9,10,11,12,13,15,16,17,19,20,21,23,24,25,27,28,29,31,32,33,34,35,36,37,39,40,41,43,44,45,47,48,49,51,52,53,55,56,57,58,60,61,62,63
K0.000,0.9937959909439087,-0.05817899852991104,0.09478499740362167,0,0.06399200111627579,0.99617600440979,-0.05948900058865547,0,-0.0909620001912117,0.06518600136041641,0.9937189817428589,0,0.18420499563217163,105.01972961425781,0.934840977191925,1,0.9983609914779663,0.05176300182938576,-0.024390999227762222,0,-0.05369500070810318,0.9947919845581055,-0.08663299679756165,0,0.019780000671744347,0.08780000358819962,0.9959419965744019,0,-0.03810499981045723,9.49051284790039,-1.392063021659851,1,0.9996150135993958,0.027701999992132187,-0.0012910000514239073,0,-0.0276699997484684,0.999413013458252,0.020208999514579773,0,0.0018500000005587935,-0.020166000351309776,0.9997950196266174,0,0,11.190835952758789,0,1,0.9997130036354065,0.023869000375270844,-0.0018230000277981162,0,-0.023243000730872154,0.9860780239105225,0.16465100646018982,0,0.005727000068873167,-0.16456200182437897,0.9863499999046326,0,0,12.789533615112305,0,1,0.9999679923057556,0.00776199996471405,0.0021490000654011965,0,-0.007935999892652035,0.9951519966125488,0.09802599996328354,0,-0.0013780000153928995,-0.09803999960422516,0.9951819777488708,0,-0.05686800181865692,14.235771179199219,-2.088092088699341,1,0.9997109770774841,-0.0045540002174675465,-0.023614000529050827,0,0.0014059999957680702,0.9912949800491333,-0.1316560059785843,0,0.024008000269532204,0.13158400356769562,0.9910140037536621,0,0,3.2802159786224365,0.3133319914340973,1,0.3032839894294739,0.015716999769210815,-0.9527699947357178,0,0.8631330132484436,-0.4281879961490631,0.26768800616264343,0,-0.4037579894065857,-0.9035530090332031,-0.1434289962053299,0,6.72877311706543,11.756621360778809,-2.058459997177124,1,0.93886399269104,0.31547799706459045,-0.1378680020570755,0,-0.051722001284360886,0.5251410007476807,0.8494420051574707,0,0.3403800129890442,-0.7903800010681152,0.50935298204422,0,0,14.448802947998047,0,1,0.999675989151001,0.025467999279499054,0,0,-0.025467999279499054,0.999675989151001,0,0,0,0,1,0,0,23.160301208496094,0,1,0.836234986782074,0.02381799928843975,0.5478540062904358,0,-0.07886400073766708,0.9938939809799194,0.07716800272464752,0,-0.5426710247993469,-0.1077359989285469,0.8330069780349731,0,0,24.07175064086914,0,1,0.8790889978408813,0.47335898876190186,-0.05597899854183197,0,-0.42075198888778687,0.8258010149002075,0.3755280077457428,0,0.22398699820041656,-0.30656901001930237,0.9251189827919006,0,-1.5090490579605103,4.173385143280029,1.9265249967575073,1,0.8386459946632385,-0.5296239852905273,-0.12717099487781525,0,0.5050190091133118,0.8435519933700562,-0.1826920062303543,0,0.2040330022573471,0.08899000287055969,0.9749109745025635,0,0,3.8703739643096924,0,1,0.9883800148963928,-0.0015429999912157655,0.1519940048456192,0,0.038701001554727554,0.9695500135421753,-0.24181799590587616,0,-0.14699199795722961,0.2448900043964386,0.9583430290222168,0,0,4.710647106170654,0,1,0.9998570084571838,0.01692100055515766,-0.00034699999378062785,0,-0.016726000234484673,0.9910889863967896,0.13214999437332153,0,0.002580000087618828,-0.13212500512599945,0.9912300109863281,0,-2.855504035949707,14.669352531433105,0.39876100420951843,1,0.999521017074585,-0.03058999963104725,-0.004672999959439039,0,0.03058999963104725,0.9539200067520142,0.2984969913959503,0,-0.004672999959439039,-0.2984969913959503,0.9543989896774292,0,0,3.2486159801483154,0,1,0.9998970031738281,-0.014328000135719776,-0.0010059999767690897,0,0.014328000135719776,0.9900739789009094,0.13981600105762482,0,-0.001006999984383583,-0.13981600105762482,0.9901769757270813,0,0,2.6595799922943115,0,1,0.9989169836044312,-0.04651099815964699,0.0013299999991431832,0,0.044415999203920364,0.9616649746894836,0.27060699462890625,0,-0.01386599987745285,-0.2702549993991852,0.9626889824867249,0,-0.000014999999621068127,14.409810066223145,0.00001700000029813964,1,0.9995189905166626,-0.030640000477433205,-0.004689000081270933,0,0.030640000477433205,0.953764021396637,0.29899099469184875,0,-0.004689000081270933,-0.29899099469184875,0.9542440176010132,0,0,3.25907301902771,0,1,0.9994630217552185,-0.0323529988527298,-0.005241999868303537,0,0.0323529988527298,0.9483050107955933,0.3157060146331787,0,-0.005243000108748674,-0.3157060146331787,0.9488430023193359,0,0,2.6398611068725586,0,1,0.9979779720306396,-0.06351900100708008,-0.0023849999997764826,0,0.0601079985499382,0.9308590292930603,0.3604010045528412,0,-0.02067199908196926,-0.35981500148773193,0.932794988155365,0,3.3049399852752686,13.191457748413086,-0.3220199942588806,1,0.9993090033531189,-0.0365540012717247,-0.006744000129401684,0,0.0365540012717247,0.9335060119628906,0.3566940128803253,0,-0.006742999888956547,-0.3566940128803253,0.9341970086097717,0,0,2.7176339626312256,0,1,0.9994940161705017,-0.03142400085926056,-0.004937999881803989,0,0.03142400085926056,0.9513120055198669,0.30662399530410767,0,-0.004937999881803989,-0.30662399530410767,0.9518179893493652,0,0,2.134459972381592,0,1,0.9951720237731934,-0.0968180000782013,-0.01611500047147274,0,0.09353899955749512,0.8858090043067932,0.4545249938964844,0,-0.02973099984228611,-0.4538379907608032,0.8905879855155945,0,5.614214897155762,11.6363525390625,0.5165519714355469,1,0.9995189905166626,-0.03064100071787834,-0.004689000081270933,0,0.03064100071787834,0.9537609815597534,0.29899901151657104,0,-0.004689000081270933,-0.29899901151657104,0.9542419910430908,0,0,1.5593760013580322,0,1,0.9995669722557068,-0.029103999957442284,-0.004220000002533197,0,0.029103999957442284,0.9583849906921387,0.2839930057525635,0,-0.004220999777317047,-0.2839930057525635,0.9588170051574707,0,0,1.540611982345581,0,1,0.2681170105934143,-0.01834000088274479,0.9632120132446289,0,-0.8548840284347534,-0.4654960036277771,0.22910000383853912,0,0.4441699981689453,-0.8848599791526794,-0.1404860019683838,0,-6.7287678718566895,11.756747245788574,-2.058465003967285,1,0.8649489879608154,-0.40327000617980957,0.2987250089645386,0,0.036114998161792755,0.6437079906463623,0.7644190192222595,0,-0.5005589723587036,-0.6503949761390686,0.5713379979133606,0,0,14.448811531066895,0,1,0.9931830167770386,-0.11656200140714645,0,0,0.11656200140714645,0.9931830167770386,0,0,0,0,1,0,0,23.16029930114746,0,1,0.9394770264625549,0.00866399984806776,-0.34250301122665405,0,0.032377999275922775,0.9929609894752502,0.11393000185489655,0,0.3410789966583252,-0.11812400072813034,0.9325829744338989,0,0,24.071699142456055,0,1,0.8638030290603638,-0.5029540061950684,0.029690999537706375,0,0.4568580090999603,0.8067569732666016,0.37473198771476746,0,-0.21242600679397583,-0.3101300001144409,0.9266579747200012,0,1.5090420246124268,4.173398971557617,1.9270000457763672,1,0.8012440204620361,0.5889829993247986,0.10539499670267105,0,-0.5696340203285217,0.8047810196876526,-0.16686399281024933,0,-0.18310000002384186,0.07366199791431427,0.9803310036659241,0,0,3.870431900024414,0,1,0.9882659912109375,0.01017099991440773,-0.15240299701690674,0,-0.05690399929881096,0.9504690170288086,-0.3055660128593445,0,0.14174599945545197,0.3106530010700226,0.93989497423172,0,0,4.710330009460449,0,1,0.999750018119812,-0.02234099991619587,0.0006549999816343188,0,0.022105000913143158,0.9926750063896179,0.1187720000743866,0,-0.00330400001257658,-0.11872799694538116,0.992920994758606,0,2.8554959297180176,14.669398307800293,0.39899998903274536,1,0.9997149705886841,0.023581000044941902,0.0036100000143051147,0,-0.023581000044941902,0.9539200067520142,0.29913198947906494,0,0.0036100000143051147,-0.29913198947906494,0.9542049765586853,0,0,3.2486000061035156,0,1,0.9999390244483948,0.011045999825000763,0.0007779999868944287,0,-0.011045999825000763,0.9900739789009094,0.1401129961013794,0,0.0007779999868944287,-0.1401129961013794,0.9901350140571594,0,0,2.659600019454956,0,1,0.9992820024490356,0.03779900074005127,-0.0024629998952150345,0,-0.03587200120091438,0.9652159810066223,0.25898298621177673,0,0.012167000211775303,-0.25870800018310547,0.9658790230751038,0,0.000006000000212225132,14.409799575805664,0,1,0.9997140169143677,0.023618999868631363,0.003622000105679035,0,-0.023618999868631363,0.953764021396637,0.29962900280952454,0,0.003622000105679035,-0.29962900280952454,0.9540489912033081,0,0,3.2590999603271484,0,1,0.9996809959411621,0.024940000846982002,0.004050000105053186,0,-0.024940000846982002,0.9483060240745544,0.3163760006427765,0,0.004050000105053186,-0.3163760006427765,0.9486250281333923,0,0,2.6398000717163086,0,1,0.9986079931259155,0.05274200066924095,0.00037200000951997936,0,-0.049545999616384506,0.9356210231781006,0.3495109975337982,0,0.01808599941432476,-0.34904301166534424,0.9369320273399353,0,-3.3049440383911133,13.19150161743164,-0.32199999690055847,1,0.9995890259742737,0.028178000822663307,0.0052089998498559,0,-0.028178000822663307,0.9335060119628906,0.35745298862457275,0,0.0052089998498559,-0.35745298862457275,0.9339169859886169,0,0,2.717600107192993,0,1,0.9996989965438843,0.024222999811172485,0.0038139999378472567,0,-0.024222999811172485,0.9513120055198669,0.30727601051330566,0,0.0038139999378472567,-0.30727601051330566,0.9516130089759827,0,0,2.134500026702881,0,1,0.9963840246200562,0.08399800211191177,0.012759000062942505,0,-0.08088599890470505,0.8918870091438293,0.44496700167655945,0,0.025996999815106392,-0.4443899989128113,0.8954560160636902,0,-5.921977996826172,11.636402130126953,0.5170000195503235,1,0.9997140169143677,0.0236200001090765,0.003622000105679035,0,-0.0236200001090765,0.9537619948387146,0.29963499307632446,0,0.0036230001132935286,-0.29963499307632446,0.9540470242500305,0,0,1.5592999458312988,0,1,0.9997429847717285,0.022433999925851822,0.0032599999103695154,0,-0.022433999925851822,0.9583839774131775,0.2845979928970337,0,0.0032599999103695154,-0.2845979928970337,0.958640992641449,0,0,1.5405999422073364,0,1,-0.981935977935791,-0.05631000176072121,-0.18063800036907196,0,0.05348899960517883,-0.9983590245246887,0.020457999780774117,0,-0.18149399757385254,0.010425999760627747,0.9833369851112366,0,-9.940977096557617,-5.272416114807129,-1.0108850002288818,1,0.9840480089187622,-0.081557996571064,-0.15810899436473846,0,0.04023199900984764,0.9677240252494812,-0.2487819939851761,0,0.1732960045337677,0.2384520024061203,0.9555680155754089,0,0,43.36484146118164,0,1,0.9895709753036499,0.01321600005030632,-0.14343899488449097,0,0.11330900341272354,0.543429970741272,0.8317720293998718,0,0.08894100040197372,-0.8393509984016418,0.5362650156021118,0,0,44.4930305480957,0,1,0.9964550137519836,0.04380999878048897,-0.07182200253009796,0,0.02521900087594986,0.6588969826698303,0.7518100142478943,0,0.08026000112295151,-0.7509559988975525,0.655456006526947,0,0,20,0,1,-0.9509369730949402,-0.13304999470710754,0.2793160080909729,0,0.1853030025959015,-0.9678969979286194,0.16981999576091766,0,0.24775399267673492,0.21324600279331207,0.9450629949569702,0,9.618264198303223,-5.272315979003906,-1.0108870267868042,1,0.9968019723892212,0.07821600139141083,0.016363000497221947,0,-0.06822700053453445,0.9396470189094543,-0.33527299761772156,0,-0.04159900173544884,0.33308398723602295,0.9419789910316467,0,0,43.3650016784668,0,1,0.9904199838638306,-0.06967300176620483,0.1192220002412796,0,-0.05106800049543381,0.6173539757728577,0.7850260138511658,0,-0.12829700112342834,-0.783594012260437,0.6078810095787048,0,0,44.49300003051758,0,1,0.996874988079071,-0.039861999452114105,0.06820199638605118,0,-0.02201800048351288,0.6889370083808899,0.7244870066642761,0,-0.07586599886417389,-0.7237240076065063,0.6859059929847717,0,0,20,0,1
K0.033,0.993798017501831,-0.05821799859404564,0.09474799782037735,0,0.06400100141763687,0.9961940050125122,-0.05917999520897865,0,-0.09094200283288956,0.06487700343132019,0.993740975856781,0,0.18523500859737396,105.02050018310547,0.9363740682601929,1,0.9983649849891663,0.051732998341321945,-0.02431199885904789,0,-0.053658999502658844,0.9947890043258667,-0.08669400215148926,0,0.019699998199939728,0.0878560021519661,0.9959380030632019,0,-0.03810499981045723,9.49051284790039,-1.392063021659851,1,0.9996160268783569,0.027684999629855156,-0.0012589992256835103,0,-0.027653999626636505,0.9994140267372131,0.02018900029361248,0,0.0018169991672039032,-0.02014699950814247,0.9997950196266174,0,0,11.190835952758789,0,1,0.9997140169143677,0.02385300025343895,-0.0017909992020577192,0,-0.023231999948620796,0.9860810041427612,0.16463199257850647,0,0.005692998878657818,-0.1645430028438568,0.9863529801368713,0,0,12.789533615112305,0,1,0.9999669790267944,0.007779000326991081,0.0021460000425577164,0,-0.007952000014483929,0.9951509833335876,0.09803300350904465,0,-0.0013729998609051108,-0.09804700314998627,0.9951810240745544,0,-0.05686800181865692,14.235771179199219,-2.088092088699341,1,0.9997109770774841,-0.004584000911563635,-0.023612000048160553,0,0.0014370008138939738,0.9912999868392944,-0.13161000609397888,0,0.024010000750422478,0.1315380036830902,0.9910200238227844,0,0,3.2802159786224365,0.3133319914340973,1,0.3033579885959625,0.015718000009655952,-0.9527469873428345,0,0.8631600141525269,-0.4280810058116913,0.26777100563049316,0,-0.40364399552345276,-0.9036039710044861,-0.1434289962053299,0,6.72877311706543,11.756621360778809,-2.058459997177124,1,0.9388110041618347,0.3155600130558014,-0.13804300129413605,0,-0.05158499628305435,0.5250790119171143,0.8494889736175537,0,0.34054800868034363,-0.7903890013694763,0.509227991104126,0,0,14.448802947998047,0,1,0.9996770024299622,0.025417998433113098,0,0,-0.025417998433113098,0.9996770024299622,0,0,0,0,1,0,0,23.160301208496094,0,1,0.8362630009651184,0.023714998736977577,0.5478159785270691,0,-0.07877200096845627,0.993897020816803,0.07722300291061401,0,-0.5426409840583801,-0.10773099958896637,0.8330270051956177,0,0,24.07175064086914,0,1,0.8790889978408813,0.47335898876190186,-0.055980000644922256,0,-0.42075198888778687,0.8258010149002075,0.3755269944667816,0,0.22398699820041656,-0.3065679967403412,0.9251189827919006,0,-1.5090490579605103,4.173385143280029,1.9265249967575073,1,0.8386459946632385,-0.5296229720115662,-0.12717099487781525,0,0.5050190091133118,0.8435519933700562,-0.18269099295139313,0,0.2040330022573471,0.08899000287055969,0.9749109745025635,0,0,3.8703739643096924,0,1,0.9883800148963928,-0.0015429999912157655,0.1519940048456192,0,0.038701001554727554,0.9695500135421753,-0.24181799590587616,0,-0.14699199795722961,0.2448900043964386,0.9583430290222168,0,0,4.710647106170654,0,1,0.9998570084571838,0.01692100055515766,-0.0003459999861661345,0,-0.01672700047492981,0.9910889863967896,0.13214999437332153,0,0.0025790000800043344,-0.13212500512599945,0.9912300109863281,0,-2.855504035949707,14.669352531433105,0.39876100420951843,1,0.999521017074585,-0.03058999963104725,-0.004674000199884176,0,0.03058999963104725,0.9539200067520142,0.2984969913959503,0,-0.004672999959439039,-0.2984969913959503,0.9543989896774292,0,0,3.2486159801483154,0,1,0.9998970031738281,-0.014328000135719776,-0.001006999984383583,0,0.014328000135719776,0.9900739789009094,0.13981600105762482,0,-0.001006999984383583,-0.13981600105762482,0.9901769757270813,0,0,2.6595799922943115,0,1,0.9989169836044312,-0.04651099815964699,0.0013299999991431832,0,0.044415999203920364,0.9616649746894836,0.27060699462890625,0,-0.01386599987745285,-0.2702549993991852,0.9626889824867249,0,-0.000014999999621068127,14.409810066223145,0.00001700000029813964,1,0.9995189905166626,-0.030640000477433205,-0.004689000081270933,0,0.030640000477433205,0.953764021396637,0.29899200797080994,0,-0.004689000081270933,-0.29899200797080994,0.9542440176010132,0,0,3.25907301902771,0,1,0.9994630217552185,-0.0323529988527298,-0.005243000108748674,0,0.0323529988527298,0.9483050107955933,0.3157060146331787,0,-0.005241999868303537,-0.3157060146331787,0.9488430023193359,0,0,2.6398611068725586,0,1,0.9979779720306396,-0.06351900100708008,-0.0023849999997764826,0,0.0601079985499382,0.9308590292930603,0.36039999127388,0,-0.02067199908196926,-0.35981500148773193,0.932794988155365,0,3.3049399852752686,13.191457748413086,-0.3220199942588806,1,0.9993090033531189,-0.0365540012717247,-0.006744000129401684,0,0.0365540012717247,0.9335060119628906,0.3566940128803253,0,-0.006742999888956547,-0.3566940128803253,0.9341970086097717,0,0,2.7176339626312256,0,1,0.9994940161705017,-0.03142400085926056,-0.004937999881803989,0,0.03142400085926056,0.9513120055198669,0.30662500858306885,0,-0.004937999881803989,-0.30662500858306885,0.9518179893493652,0,0,2.134459972381592,0,1,0.9951720237731934,-0.0968180000782013,-0.01611500047147274,0,0.09353899955749512,0.8858090043067932,0.4545249938964844,0,-0.02973099984228611,-0.4538379907608032,0.8905879855155945,0,5.614214897155762,11.6363525390625,0.5165519714355469,1,0.9995189905166626,-0.03064100071787834,-0.004689000081270933,0,0.03064100071787834,0.9537609815597534,0.29899901151657104,0,-0.004689000081270933,-0.29899901151657104,0.9542419910430908,0,0,1.5593760013580322,0,1,0.9995669722557068,-0.029103999957442284,-0.004220000002533197,0,0.029103999957442284,0.9583849906921387,0.2839930057525635,0,-0.004220999777317047,-0.2839930057525635,0.9588170051574707,0,0,1.540611982345581,0,1,0.2681809961795807,-0.018346000462770462,0.9631940126419067,0,-0.8549489974975586,-0.46533700823783875,0.2291799932718277,0,0.44400501251220703,-0.8849440217018127,-0.14047999680042267,0,-6.7287678718566895,11.756747245788574,-2.058465003967285,1,0.8649190068244934,-0.40328100323677063,0.29879599809646606,0,0.03610699996352196,0.6437680125236511,0.764369010925293,0,-0.5006110072135925,-0.6503289937973022,0.5713679790496826,0,0,14.448811531066895,0,1,0.9931910037994385,-0.11649399995803833,0,0,0.11649399995803833,0.9931910037994385,0,0,0,0,1,0,0,23.16029930114746,0,1,0.9395269751548767,0.008678000420331955,-0.3423660099506378,0,0.03236199915409088,0.9929559826850891,0.11397600173950195,0,0.34094399213790894,-0.11816299706697464,0.9326279759407043,0,0,24.071699142456055,0,1,0.8638030290603638,-0.5029540061950684,0.029689999297261238,0,0.4568580090999603,0.8067569732666016,0.37473198771476746,0,-0.21242600679397583,-0.3101310133934021,0.9266579747200012,0,1.5090420246124268,4.173398971557617,1.9270000457763672,1,0.8012440204620361,0.5889829993247986,0.10539499670267105,0,-0.5696340203285217,0.804781973361969,-0.1668650060892105,0,-0.18310099840164185,0.07366199791431427,0.9803310036659241,0,0,3.870431900024414,0,1,0.9882659912109375,0.01017099991440773,-0.15240299701690674,0,-0.05690399929881096,0.9504690170288086,-0.3055660128593445,0,0.14174599945545197,0.3106530010700226,0.93989497423172,0,0,4.710330009460449,0,1,0.999750018119812,-0.02234099991619587,0.0006539999740198255,0,0.022105000913143158,0.9926750063896179,0.11877299845218658,0,-0.0033030000049620867,-0.11872799694538116,0.992920994758606,0,2.8554959297180176,14.669398307800293,0.39899998903274536,1,0.9997149705886841,0.023581000044941902,0.0036100000143051147,0,-0.023581000044941902,0.9539200067520142,0.29913198947906494,0,0.0036100000143051147,-0.29913198947906494,0.9542049765586853,0,0,3.2486000061035156,0,1,0.9999390244483948,0.011045999825000763,0.0007779999868944287,0,-0.011045999825000763,0.9900739789009094,0.1401129961013794,0,0.0007779999868944287,-0.1401129961013794,0.9901350140571594,0,0,2.659600019454956,0,1,0.9992820024490356,0.03779999911785126,-0.0024629998952150345,0,-0.03587200120091438,0.9652159810066223,0.25898298621177673,0,0.012167000211775303,-0.25870901346206665,0.9658790230751038,0,0.000006000000212225132,14.409799575805664,0,1,0.9997140169143677,0.023618999868631363,0.003622000105679035,0,-0.023618999868631363,0.9537630081176758,0.29962900280952454,0,0.003622000105679035,-0.29962900280952454,0.9540489912033081,0,0,3.2590999603271484,0,1,0.9996809959411621,0.024940000846982002,0.004050000105053186,0,-0.024940000846982002,0.9483060240745544,0.31637701392173767,0,0.004050000105053186,-0.31637701392173767,0.9486250281333923,0,0,2.6398000717163086,0,1,0.9986079931259155,0.05274200066924095,0.00037200000951997936,0,-0.049545999616384506,0.9356210231781006,0.3495109975337982,0,0.01808599941432476,-0.34904301166534424,0.9369320273399353,0,-3.3049440383911133,13.19150161743164,-0.32199999690055847,1,0.9995890259742737,0.028178000822663307,0.0052089998498559,0,-0.028178000822663307,0.9335060119628906,0.35745200514793396,0,0.005210000090301037,-0.35745200514793396,0.9339169859886169,0,0,2.717600107192993,0,1,0.9996989965438843,0.024222999811172485,0.0038139999378472567,0,-0.024222999811172485,0.9513120055198669,0.30727699398994446,0,0.0038139999378472567,-0.30727699398994446,0.9516130089759827,0,0,2.134500026702881,0,1,0.9963840246200562,0.08399800211191177,0.012759000062942505,0,-0.08088599890470505,0.8918870091438293,0.44496700167655945,0,0.025996999815106392,-0.4443899989128113,0.8954560160636902,0,-5.921977996826172,11.636402130126953,0.5170000195503235,1,0.9997140169143677,0.0236200001090765,0.003622000105679035,0,-0.0236200001090765,0.9537619948387146,0.29963400959968567,0,0.0036230001132935286,-0.29963400959968567,0.9540470242500305,0,0,1.5592999458312988,0,1,0.9997429847717285,0.02243500016629696,0.0032599999103695154,0,-0.02243500016629696,0.9583839774131775,0.2845979928970337,0,0.0032599999103695154,-0.2845979928970337,0.958640992641449,0,0,1.5405999422073364,0,1,-0.9819430112838745,-0.05639899894595146,-0.1805720031261444,0,0.0535460002720356,-0.9983519911766052,0.020641999319195747,0,-0.18143899738788605,0.010599998757243156,0.9833449721336365,0,-9.940977096557617,-5.272416114807129,-1.0108850002288818,1,0.9840499758720398,-0.08151999861001968,-0.15811599791049957,0,0.04023699834942818,0.9677850008010864,-0.24854399263858795,0,0.17328399419784546,0.23821699619293213,0.955627977848053,0,0,43.36484146118164,0,1,0.9895650148391724,0.013198000378906727,-0.1434829980134964,0,0.11334399878978729,0.5435310006141663,0.8317009806632996,0,0.08896400034427643,-0.8392850160598755,0.5363640189170837,0,0,44.4930305480957,0,1,0.9964560270309448,0.043800998479127884,-0.07181400060653687,0,0.0252119991928339,0.6589660048484802,0.7517499923706055,0,0.08025000244379044,-0.7508959770202637,0.6555259823799133,0,0,20,0,1,-0.950993001461029,-0.13300399482250214,0.2791450023651123,0,0.18530699610710144,-0.9678360223770142,0.17016200721263885,0,0.24753400683403015,0.21355000138282776,0.9450520277023315,0,9.618264198303223,-5.272315979003906,-1.0108870267868042,1,0.9967989921569824,0.07824300229549408,0.016443001106381416,0,-0.06822499632835388,0.9396359920501709,-0.33530598878860474,0,-0.04168600216507912,0.3331109881401062,0.9419659972190857,0,0,43.3650016784668,0,1,0.9904209971427917,-0.06966699659824371,0.11921899765729904,0,-0.05105900019407272,0.6174240112304688,0.7849720120429993,0,-0.12829500436782837,-0.7835389971733093,0.6079530119895935,0,0,44.49300003051758,0,1,0.9968739748001099,-0.0398700013756752,0.06820899993181229,0,-0.02202400006353855,0.6888790130615234,0.7245420217514038,0,-0.07587499916553497,-0.723779022693634,0.6858469843864441,0,0,20,0,1
