1.367,30,41,65
B0,mixamorig_Hips,-1,0.80880206823349,0.18376998603343964,0.5586294531822205,0,-0.02345460280776024,0.9592451453208923,-0.28160080313682556,0,-0.587613046169281,0.21465688943862915,0.7801492810249329,0,3.0391957759857178,94.73689270019531,64.41455841064453,1
B1,mixamorig_Spine,0,0.9952532052993774,-0.053453657776117325,0.08132853358983994,0,0.042587146162986755,0.9906081557273865,0.1299300491809845,0,-0.08750984072685242,-0.12584999203681946,0.9881818294525146,0,-0.03810499981045723,9.49051284790039,-1.392063021659851,1
B2,mixamorig_Spine1,1,0.9988591074943542,-0.02564523182809353,0.04028499498963356,0,0.023335380479693413,0.9981120824813843,0.05681014060974121,0,-0.0416659377515316,-0.05580521747469902,0.997572124004364,0,0,11.190835952758789,0,1
B3,mixamorig_Spine2,2,0.9987190961837769,-0.02967415563762188,0.04098902642726898,0,0.020893601700663567,0.9795601963996887,0.20006518065929413,0,-0.046087879687547684,-0.19895325601100922,0.9789242148399353,0,0,12.789533615112305,0,1
B4,mixamorig_Neck,3,0.9564289450645447,-0.0967576652765274,-0.2754669189453125,0,0.1452682912349701,0.9761200547218323,0.1615133136510849,0,0.2532609701156616,-0.1944923996925354,0.9476449489593506,0,-0.05686800181865692,14.235771179199219,-2.088092088699341,1
B5,mixamorig_Head,4,0.9821739792823792,0.12083400040864944,-0.14399300515651703,0,-0.07241199910640717,0.9501129984855652,0.3033849895000458,0,0.17346900701522827,-0.2875500023365021,0.9419260025024414,0,0,3.2802159786224365,0.3133319914340973,1
B6,mixamorig_HeadTop_End,5,1,0,0,0,0,1,0,0,0,0,1,0,0,25.65349578857422,2.450463056564331,1
B7,mixamorig_LeftShoulder,3,0.1626897156238556,0.0055742813274264336,-0.9866618514060974,0,0.9022583365440369,-0.40555351972579956,0.14648130536079407,0,-0.3993268311023712,-0.9140545725822449,-0.0710095688700676,0,6.72877311706543,11.756621360778809,-2.058459997177124,1
B8,mixamorig_LeftArm,7,0.6196299195289612,0.3754441738128662,0.6892749667167664,0,-0.555802583694458,0.8299515843391418,0.04757392778992653,0,-0.5542042255401611,-0.4125792384147644,0.7229355573654175,0,0,14.448802947998047,0,1
B9,mixamorig_LeftForeArm,8,0.27042099833488464,0.9627422094345093,0,0,-0.9627422094345093,0.27042099833488464,0,0,0,0,1,0,0,23.160301208496094,0,1
B10,mixamorig_LeftHand,9,-0.6779014468193054,0.13294047117233276,0.7230325937271118,0,0.45893752574920654,0.844853401184082,0.2749527096748352,0,-0.5743044018745422,0.5182181000709534,-0.6337388753890991,0,0,24.07175064086914,0,1
B11,mixamorig_LeftHandThumb1,10,0.9250310063362122,0.3579699993133545,-0.12717700004577637,0,-0.27425700426101685,0.860929012298584,0.4284670054912567,0,0.2628690004348755,-0.3614659905433655,0.8945630192756653,0,-1.5090490579605103,4.173385143280029,1.9265249967575073,1
B12,mixamorig_LeftHandThumb2,11,0.9362890124320984,-0.10189200192689896,-0.3361259996891022,0,0.12251099944114685,0.9916340112686157,0.040658000856637955,0,0.32917100191116333,-0.07924699783325195,0.9409390091896057,0,0,3.8703739643096924,0,1
B13,mixamorig_LeftHandThumb3,12,0.9850190281867981,0.16938400268554688,-0.03235799819231033,0,-0.17130300402641296,0.9826819896697998,-0.0706460028886795,0,0.01983099989593029,0.07513099908828735,0.9969760179519653,0,0,4.710647106170654,0,1
B14,mixamorig_LeftHandThumb4,13,1,0,0,0,0,1,0,0,0,0,1,0,0,3.8303608894348145,0,1
B15,mixamorig_LeftHandIndex1,10,0.9976369738578796,-0.06860499829053879,0.003705000039190054,0,0.05274999886751175,0.7993959784507751,0.5984839797019958,0,-0.04402099922299385,-0.5968739986419678,0.8011260032653809,0,-2.855504035949707,14.669352531433105,0.39876100420951843,1
B16,mixamorig_LeftHandIndex2,15,0.9947599768638611,-0.0885310024023056,-0.05112899839878082,0,0.0885310024023056,0.4958449900150299,0.8638859987258911,0,-0.05112899839878082,-0.8638859987258911,0.5010849833488464,0,0,3.2486159801483154,0,1
B17,mixamorig_LeftHandIndex3,16,0.9990820288658142,-0.04189100116491318,-0.008957999758422375,0,0.04189100116491318,0.9116730093955994,0.4087759852409363,0,-0.008957999758422375,-0.4087759852409363,0.9125909805297852,0,0,2.6595799922943115,0,1
B18,mixamorig_LeftHandIndex4,17,1,0,0,0,0,1,0,0,0,0,1,0,0,3.633178949356079,0,1
B19,mixamorig_LeftHandMiddle1,10,0.9953590035438538,-0.0959710031747818,-0.007052999921143055,0,0.06410200148820877,0.6065959930419922,0.7924209833145142,0,-0.07177100330591202,-0.7891960144042969,0.6099330186843872,0,-0.000014999999621068127,14.409810066223145,0.00001700000029813964,1
B20,mixamorig_LeftHandMiddle2,19,0.9939709901809692,-0.0925230011343956,-0.058830998837947845,0,0.0925230011343956,0.4199010133743286,0.9028409719467163,0,-0.05883000046014786,-0.9028409719467163,0.425929993391037,0,0,3.25907301902771,0,1
B21,mixamorig_LeftHandMiddle3,20,0.9994959831237793,-0.03136700019240379,-0.004920000210404396,0,0.03136700019240379,0.9514880180358887,0.306084007024765,0,-0.004920000210404396,-0.306084007024765,0.9519919753074646,0,0,2.6398611068725586,0,1
B22,mixamorig_LeftHandMiddle4,21,1,0,0,0,0,1,0,0,0,0,1,0,0,3.673861026763916,0,1
B23,mixamorig_LeftHandRing1,10,0.9949910044670105,-0.09996099770069122,0.001290000043809414,0,0.04723300039768219,0.4814479947090149,0.8752009868621826,0,-0.08810699731111526,-0.8707559704780579,0.48375800251960754,0,3.3049399852752686,13.191457748413086,-0.3220199942588806,1
B24,mixamorig_LeftHandRing2,23,0.9927870035171509,-0.09705600142478943,-0.0703829973936081,0,0.09705600142478943,0.30598899722099304,0.9470750093460083,0,-0.0703829973936081,-0.9470750093460083,0.31320199370384216,0,0,2.7176339626312256,0,1
B25,mixamorig_LeftHandRing3,24,0.9989590048789978,-0.044475000351667404,-0.010159999132156372,0,0.044475000351667404,0.8998219966888428,0.43398499488830566,0,-0.010160000063478947,-0.43398401141166687,0.900862991809845,0,0,2.134459972381592,0,1
B26,mixamorig_LeftHandRing4,25,1,0,0,0,0,1,0,0,0,0,1,0,0,2.7868731021881104,0,1
B27,mixamorig_LeftHandPinky1,10,0.9903169870376587,-0.07924800366163254,0.11397799849510193,0,-0.08522900193929672,0.3009980022907257,0.9498090147972107,0,-0.10957799851894379,-0.9503260254859924,0.2913289964199066,0,5.614214897155762,11.6363525390625,0.5165519714355469,1
B28,mixamorig_LeftHandPinky2,27,0.99412602186203,-0.09180200099945068,-0.05731600150465965,0,0.09180299937725067,0.4348370134830475,0.8958179950714111,0,-0.057314999401569366,-0.8958179950714111,0.44071099162101746,0,0,1.5593760013580322,0,1
B29,mixamorig_LeftHandPinky3,28,0.9996860027313232,-0.024852000176906586,-0.0030590000096708536,0,0.024852000176906586,0.9698320031166077,0.2425049990415573,0,-0.003060000017285347,-0.2425049990415573,0.9701449871063232,0,0,1.540611982345581,0,1
B30,mixamorig_LeftHandPinky4,29,1,0,0,0,0,1,0,0,0,0,1,0,0,1.6687040328979492,0,1
B31,mixamorig_RightShoulder,3,0.11346372961997986,-0.006057737395167351,0.9935235977172852,0,-0.8940197229385376,-0.43685290217399597,0.09943622350692749,0,0.43342170119285583,-0.8995131254196167,-0.05498184636235237,0,-6.7287678718566895,11.756747245788574,-2.058465003967285,1
B32,mixamorig_RightArm,31,0.3356153666973114,-0.9389547109603882,-0.07566969096660614,0,0.8862152695655823,0.28748777508735657,0.3632805049419403,0,-0.31935060024261475,-0.18898160755634308,0.9286016225814819,0,0,14.448811531066895,0,1
B33,mixamorig_RightForeArm,32,-0.1974022537469864,-0.9803227782249451,0,0,0.9803227782249451,-0.1974022537469864,0,0,0,0,1,0,0,23.16029930114746,0,1
B34,mixamorig_RightHand,33,0.5391527414321899,0.49150675535202026,-0.6839118003845215,0,-0.6456773281097412,0.7626111507415771,0.039054010063409805,0,0.5407537221908569,0.4205302596092224,0.7285186052322388,0,0,24.071699142456055,0,1
B35,mixamorig_RightHandThumb1,34,0.9025989770889282,-0.42735201120376587,0.05181900039315224,0,0.2998889982700348,0.7105690240859985,0.6365209817886353,0,-0.3088400065898895,-0.5589830279350281,0.7695170044898987,0,1.5090420246124268,4.173398971557617,1.9270000457763672,1
B36,mixamorig_RightHandThumb2,35,0.8205059766769409,0.46362900733947754,0.3343929946422577,0,-0.42563799023628235,0.8859869837760925,-0.18400700390338898,0,-0.3815790116786957,0.008648999966681004,0.9242960214614868,0,0,3.870431900024414,0,1
B37,mixamorig_RightHandThumb3,36,0.5643399953842163,0.8182680010795593,-0.10934700071811676,0,-0.8072249889373779,0.5192099809646606,-0.2807280123233795,0,-0.17293600738048553,0.24669399857521057,0.9535380005836487,0,0,4.710330009460449,0,1
B38,mixamorig_RightHandThumb4,37,1,0,0,0,0,1,0,0,0,0,1,0,0,3.8303680419921875,0,1
B39,mixamorig_RightHandIndex1,34,0.999422013759613,-0.029944000765681267,-0.016109999269247055,0,0.03270699828863144,0.9761189818382263,0.2147579938173294,0,0.009294001385569572,-0.21516099572181702,0.9765340089797974,0,2.8554959297180176,14.669398307800293,0.39899998903274536,1
B40,mixamorig_RightHandIndex2,39,0.9990050196647644,0.04278400167822838,0.012626999989151955,0,-0.04278400167822838,0.8388149738311768,0.5427320003509521,0,0.012628000229597092,-0.5427320003509521,0.8398110270500183,0,0,3.2486000061035156,0,1
B41,mixamorig_RightHandIndex3,40,0.9991809725761414,0.039115000516176224,0.010393000207841396,0,-0.03911399841308594,0.8673350214958191,0.4961850047111511,0,0.010394000448286533,-0.4961850047111511,0.8681550025939941,0,0,2.659600019454956,0,1
B42,mixamorig_RightHandIndex4,41,1,0,0,0,0,1,0,0,0,0,1,0,0,3.6331000328063965,0,1
B43,mixamorig_RightHandMiddle1,34,0.9906970262527466,0.12305799871683121,0.05810999870300293,0,-0.12212999910116196,0.61558598279953,0.778548002243042,0,0.06003500148653984,-0.7784019708633423,0.6248890161514282,0,0.000006000000212225132,14.409799575805664,0,1
B44,mixamorig_RightHandMiddle2,43,0.9916539788246155,0.07357300072908401,0.10587099939584732,0,-0.073573999106884,-0.35138800740242004,0.9333339929580688,0,0.10587000101804733,-0.93333500623703,-0.3430429995059967,0,0,3.2590999603271484,0,1
B45,mixamorig_RightHandMiddle3,44,0.9996690154075623,0.025388000532984734,0.004201000090688467,0,-0.025388000532984734,0.9463779926300049,0.3220619857311249,0,0.004201000090688467,-0.3220619857311249,0.9467089772224426,0,0,2.6398000717163086,0,1
B46,mixamorig_RightHandMiddle4,45,1,0,0,0,0,1,0,0,0,0,1,0,0,3.6738998889923096,0,1
B47,mixamorig_RightHandRing1,34,0.9972910284996033,0.04317700117826462,-0.05955199897289276,0,0.026534000411629677,0.5439239740371704,0.8387150168418884,0,0.0686039999127388,-0.8380230069160461,0.5413050055503845,0,-3.3049440383911133,13.19150161743164,-0.32199999690055847,1
B48,mixamorig_RightHandRing2,47,0.9927870035171509,0.07746899873018265,0.09149699658155441,0,-0.07746899873018265,-0.16791799664497375,0.9827520251274109,0,0.09149699658155441,-0.9827520251274109,-0.16070500016212463,0,0,2.717600107192993,0,1
B49,mixamorig_RightHandRing3,48,0.9977549910545349,0.06061699986457825,0.028483999893069267,0,-0.06061699986457825,0.6364110112190247,0.7689639925956726,0,0.028485000133514404,-0.7689639925956726,0.6386569738388062,0,0,2.134500026702881,0,1
B50,mixamorig_RightHandRing4,49,1,0,0,0,0,1,0,0,0,0,1,0,0,2.786799907684326,0,1
B51,mixamorig_RightHandPinky1,34,0.9959380030632019,0.05527300015091896,-0.07107499986886978,0,0.040651001036167145,0.4283190071582794,0.9027130007743835,0,0.0803380012512207,-0.9019359946250916,0.42433300614356995,0,-5.921977996826172,11.636402130126953,0.5170000195503235,1
B52,mixamorig_RightHandPinky2,51,0.9946159720420837,0.07793600112199783,0.06829900294542313,0,-0.07793699949979782,0.12819600105285645,0.988681972026825,0,0.06829900294542313,-0.988681972026825,0.13357999920845032,0,0,1.5592999458312988,0,1
B53,mixamorig_RightHandPinky3,52,0.9969239830970764,0.0679669976234436,0.039016999304294586,0,-0.0679669976234436,0.5019699931144714,0.8622099757194519,0,0.0390160009264946,-0.8622099757194519,0.505046010017395,0,0,1.5405999422073364,0,1
B54,mixamorig_RightHandPinky4,53,1,0,0,0,0,1,0,0,0,0,1,0,0,1.6686999797821045,0,1
B55,mixamorig_RightUpLeg,0,-0.9337507486343384,0.25533533096313477,0.2508237361907959,0,-0.1215980052947998,-0.8853980898857117,0.4486440420150757,0,0.33663204312324524,0.3884238004684448,0.8577896356582642,0,-9.940977096557617,-5.272416114807129,-1.0108850002288818,1
B56,mixamorig_RightLeg,55,0.9738577008247375,-0.16366709768772125,0.15751570463180542,0,0.15673334896564484,-0.01775108277797699,-0.987480640411377,0,0.16441437602043152,0.9863532185554504,0.008364995941519737,0,0,43.36484146118164,0,1
B57,mixamorig_RightFoot,56,0.992529034614563,-0.005046139936894178,-0.1218988448381424,0,0.0813063308596611,0.7722883224487305,0.6300474405288696,0,0.09096131473779678,-0.6352511048316956,0.7669294476509094,0,0,44.4930305480957,0,1
B58,mixamorig_RightToeBase,57,0.9956314563751221,0.051351144909858704,-0.07795865833759308,0,0.03143659234046936,0.6019084453582764,0.7979462742805481,0,0.08789891749620438,-0.7969112396240234,0.597665011882782,0,0,20,0,1
B59,mixamorig_RightToe_End,58,1,0,0,0,0,1,0,0,0,0,1,0,0,10,0,1
B60,mixamorig_LeftUpLeg,0,-0.9636940956115723,0.16092661023139954,0.2130628526210785,0,-0.09723633527755737,-0.9546871185302734,0.2812756896018982,0,0.24867238104343414,0.2503471374511719,0.9356750249862671,0,9.618264198303223,-5.272315979003906,-1.0108870267868042,1
B61,mixamorig_LeftLeg,60,0.991789698600769,0.0501832440495491,0.11762358248233795,0,0.06897849589586258,0.5645784139633179,-0.8224924802780151,0,-0.10768302530050278,0.8238521218299866,0.5564810633659363,0,0,43.3650016784668,0,1
B62,mixamorig_LeftFoot,61,0.9741417765617371,0.08207675069570541,0.21050362288951874,0,-0.22440418601036072,0.2430846244096756,0.9436904788017273,0,0.02628534659743309,-0.9665252566337585,0.2552169859409332,0,9.999999974752427e-7,44.49300003051758,0,1
B63,mixamorig_LeftToeBase,62,0.9970149397850037,-0.03852630779147148,0.06691130250692368,0,-0.020952247083187103,0.6990886330604553,0.7147273421287537,0,-0.07431335747241974,-0.7139963507652283,0.696194589138031,0,0,20,0,1
B64,mixamorig_LeftToe_End,63,1,0,0,0,0,1,0,0,0,0,1,0,0,10,0,1
@52,0,1,2,3,4,5,7,8,9,10,11,12,13,15,16,17,19,20,21,23,24,25,27,28,29,31,32,33,34,35,36,37,39,40,41,43,44,45,47,48,49,51,52,53,55,56,57,58,60,61,62,63
K0.000,0.8440549969673157,0.052025001496076584,0.5337280035018921,0,0.04681200161576271,0.9843350052833557,-0.16997699439525604,0,-0.5342100262641907,0.16845500469207764,0.8283969759941101,0,-0.28835800290107727,95.16682434082031,0.524308979511261,1,0.9907360076904297,0.0886240005493164,0.10289700329303741,0,-0.09731099754571915,0.9918100237846375,0.08271999657154083,0,-0.09472399950027466,-0.09196700155735016,0.9912459850311279,0,-0.03810499981045723,9.49051284790039,-1.392063021659851,1,0.9990540146827698,0.00684100016951561,0.04293400049209595,0,-0.008334999904036522,0.9993630051612854,0.034713998436927795,0,-0.04266899824142456,-0.03503900021314621,0.9984750151634216,0,0,11.190835952758789,0,1,0.9990779757499695,0.003613000037148595,0.04276899993419647,0,-0.011229000054299831,0.9837480187416077,0.1792050004005432,0,-0.041425999253988266,-0.17951999604701996,0.982882022857666,0,0,12.789533615112305,0,1,0.9666460156440735,-0.05701100081205368,-0.2496899962425232,0,0.10927499830722809,0.9735270142555237,0.20076000690460205,0,0.23163500428199768,-0.22134900093078613,0.9472860097885132,0,-0.05686800181865692,14.235771179199219,-2.088092088699341,1,0.9821739792823792,0.12083400040864944,-0.14399300515651703,0,-0.07241199910640717,0.9501129984855652,0.3033849895000458,0,0.17346900701522827,-0.2875500023365021,0.9419260025024414,0,0,3.2802159786224365,0.3133319914340973,1,0.20709100365638733,0.002549000084400177,-0.9783179759979248,0,0.8826730251312256,-0.4317370057106018,0.18571999669075012,0,-0.42190301418304443,-0.9019960165023804,-0.09165900200605392,0,6.72877311706543,11.756621360778809,-2.058459997177124,1,0.5889440178871155,0.44005000591278076,0.6778650283813477,0,-0.642894983291626,0.7633579969406128,0.06301199644804001,0,-0.4897260069847107,-0.4729059934616089,0.7324810028076172,0,0,14.448802947998047,0,1,0.4930669963359833,0.8699910044670105,0,0,-0.8699910044670105,0.4930669963359833,0,0,0,0,1,0,0,23.160301208496094,0,1,-0.6793349981307983,0.027938999235630035,0.7332959771156311,0,0.3199230134487152,0.9105870127677917,0.2616879940032959,0,-0.6604189872741699,0.41237199306488037,-0.6275320053100586,0,0,24.07175064086914,0,1,0.9250310063362122,0.3579710125923157,-0.12717700004577637,0,-0.27425700426101685,0.860929012298584,0.4284670054912567,0,0.2628690004348755,-0.3614659905433655,0.8945630192756653,0,-1.5090490579605103,4.173385143280029,1.9265249967575073,1,0.9362890124320984,-0.10189200192689896,-0.3361259996891022,0,0.12251099944114685,0.9916340112686157,0.040658000856637955,0,0.32917100191116333,-0.07924699783325195,0.9409390091896057,0,0,3.8703739643096924,0,1,0.9850190281867981,0.16938400268554688,-0.03235799819231033,0,-0.17130300402641296,0.9826819896697998,-0.0706460028886795,0,0.01983099989593029,0.07513099908828735,0.9969760179519653,0,0,4.710647106170654,0,1,0.9976369738578796,-0.0686039999127388,0.003705000039190054,0,0.05274900048971176,0.7993959784507751,0.5984839797019958,0,-0.04402000084519386,-0.5968739986419678,0.8011260032653809,0,-2.855504035949707,14.669352531433105,0.39876100420951843,1,0.9947599768638611,-0.0885310024023056,-0.05112899839878082,0,0.0885310024023056,0.4958460032939911,0.8638859987258911,0,-0.05112899839878082,-0.8638859987258911,0.5010849833488464,0,0,3.2486159801483154,0,1,0.9990820288658142,-0.04189100116491318,-0.008957999758422375,0,0.04189100116491318,0.9116730093955994,0.4087759852409363,0,-0.008957999758422375,-0.4087759852409363,0.9125909805297852,0,0,2.6595799922943115,0,1,0.9953590035438538,-0.0959710031747818,-0.007052999921143055,0,0.06410200148820877,0.6065970063209534,0.7924209833145142,0,-0.07177100330591202,-0.7891960144042969,0.6099330186843872,0,-0.000014999999621068127,14.409810066223145,0.00001700000029813964,1,0.9939709901809692,-0.0925230011343956,-0.058830998837947845,0,0.0925230011343956,0.4199010133743286,0.9028419852256775,0,-0.05883000046014786,-0.9028419852256775,0.425929993391037,0,0,3.25907301902771,0,1,0.9994959831237793,-0.03136700019240379,-0.004920000210404396,0,0.03136700019240379,0.9514880180358887,0.306084007024765,0,-0.004920000210404396,-0.306084007024765,0.9519919753074646,0,0,2.6398611068725586,0,1,0.9949910044670105,-0.09995999932289124,0.001290000043809414,0,0.04723300039768219,0.4814479947090149,0.8752009868621826,0,-0.08810699731111526,-0.8707559704780579,0.48375800251960754,0,3.3049399852752686,13.191457748413086,-0.3220199942588806,1,0.9927870035171509,-0.09705600142478943,-0.0703829973936081,0,0.09705600142478943,0.30598899722099304,0.9470750093460083,0,-0.0703829973936081,-0.9470750093460083,0.31320199370384216,0,0,2.7176339626312256,0,1,0.9989590048789978,-0.044475000351667404,-0.010160000063478947,0,0.044475000351667404,0.8998219966888428,0.43398401141166687,0,-0.010160000063478947,-0.43398401141166687,0.900862991809845,0,0,2.134459972381592,0,1,0.9903169870376587,-0.07924800366163254,0.11397899687290192,0,-0.08523000031709671,0.3009980022907257,0.9498090147972107,0,-0.1095770001411438,-0.9503260254859924,0.2913289964199066,0,5.614214897155762,11.6363525390625,0.5165519714355469,1,0.99412602186203,-0.09180200099945068,-0.05731600150465965,0,0.09180299937725067,0.4348370134830475,0.89581698179245,0,-0.057314999401569366,-0.89581698179245,0.44071099162101746,0,0,1.5593760013580322,0,1,0.9996860027313232,-0.024852000176906586,-0.0030590000096708536,0,0.024852000176906586,0.9698320031166077,0.2425049990415573,0,-0.003060000017285347,-0.2425049990415573,0.9701449871063232,0,0,1.540611982345581,0,1,0.0953420028090477,-0.007071000058203936,0.9954190254211426,0,-0.9051849842071533,-0.4166859984397888,0.0837400034070015,0,0.4141849875450134,-0.9090229868888855,-0.04612800106406212,0,-6.7287678718566895,11.756747245788574,-2.058465003967285,1,0.3648880124092102,-0.9299560189247131,-0.04515799880027771,0,0.8755959868431091,0.3262610137462616,0.35621100664138794,0,-0.31652700901031494,-0.16951699554920197,0.9333140254020691,0,0,14.448811531066895,0,1,-0.12325099855661392,-0.9923760294914246,0,0,0.9923760294914246,-0.12325099855661392,0,0,0,0,1,0,0,23.16029930114746,0,1,0.5548700094223022,0.46656399965286255,-0.6887940168380737,0,-0.6321309804916382,0.7747060060501099,0.015533000230789185,0,0.5408599972724915,0.4267899990081787,0.7247899770736694,0,0,24.071699142456055,0,1,0.9025989770889282,-0.42735299468040466,0.05181900039315224,0,0.2998889982700348,0.7105690240859985,0.6365209817886353,0,-0.3088400065898895,-0.5589830279350281,0.7695170044898987,0,1.5090420246124268,4.173398971557617,1.9270000457763672,1,0.8205059766769409,0.46362900733947754,0.3343920111656189,0,-0.42563900351524353,0.8859869837760925,-0.18400800228118896,0,-0.3815790116786957,0.008648999966681004,0.9242960214614868,0,0,3.870431900024414,0,1,0.5643399953842163,0.8182680010795593,-0.10934700071811676,0,-0.8072249889373779,0.5192099809646606,-0.28072699904441833,0,-0.17293600738048553,0.24669300019741058,0.9535380005836487,0,0,4.710330009460449,0,1,0.999422013759613,-0.029944000765681267,-0.016109999269247055,0,0.03270699828863144,0.9761189818382263,0.2147579938173294,0,0.009294000454246998,-0.21516099572181702,0.9765340089797974,0,2.8554959297180176,14.669398307800293,0.39899998903274536,1,0.9990050196647644,0.04278400167822838,0.012628000229597092,0,-0.04278400167822838,0.8388149738311768,0.5427320003509521,0,0.012628000229597092,-0.5427320003509521,0.8398110270500183,0,0,3.2486000061035156,0,1,0.9991809725761414,0.03911399841308594,0.010393000207841396,0,-0.03911399841308594,0.8673350214958191,0.4961850047111511,0,0.010394000448286533,-0.4961850047111511,0.8681550025939941,0,0,2.659600019454956,0,1,0.9906970262527466,0.12305799871683121,0.05810999870300293,0,-0.12213099747896194,0.61558598279953,0.778548002243042,0,0.06003500148653984,-0.7784019708633423,0.624888002872467,0,0.000006000000212225132,14.409799575805664,0,1,0.9916539788246155,0.07357300072908401,0.10587000101804733,0,-0.073573999106884,-0.35138800740242004,0.93333500623703,0,0.10587000101804733,-0.93333500623703,-0.3430419862270355,0,0,3.2590999603271484,0,1,0.9996690154075623,0.025388000532984734,0.004201000090688467,0,-0.025388000532984734,0.9463779926300049,0.3220619857311249,0,0.004201000090688467,-0.3220619857311249,0.9467089772224426,0,0,2.6398000717163086,0,1,0.9972910284996033,0.04317700117826462,-0.05955100059509277,0,0.026534000411629677,0.5439239740371704,0.8387150168418884,0,0.06860499829053879,-0.8380230069160461,0.5413039922714233,0,-3.3049440383911133,13.19150161743164,-0.32199999690055847,1,0.9927870035171509,0.07746899873018265,0.09149699658155441,0,-0.07746899873018265,-0.16791699826717377,0.9827520251274109,0,0.09149699658155441,-0.9827520251274109,-0.16070400178432465,0,0,2.717600107192993,0,1,0.9977549910545349,0.06061699986457825,0.028483999893069267,0,-0.06061699986457825,0.6364110112190247,0.7689650058746338,0,0.028485000133514404,-0.7689650058746338,0.6386569738388062,0,0,2.134500026702881,0,1,0.9959380030632019,0.05527300015091896,-0.0710740014910698,0,0.04064999893307686,0.4283190071582794,0.9027130007743835,0,0.0803380012512207,-0.9019359946250916,0.42433199286460876,0,-5.921977996826172,11.636402130126953,0.5170000195503235,1,0.9946159720420837,0.07793600112199783,0.06829900294542313,0,-0.07793699949979782,0.12819600105285645,0.988681972026825,0,0.06829799711704254,-0.988681972026825,0.13357999920845032,0,0,1.5592999458312988,0,1,0.9969239830970764,0.0679669976234436,0.0390160009264946,0,-0.0679669976234436,0.5019710063934326,0.8622099757194519,0,0.039016999304294586,-0.8622099757194519,0.505046010017395,0,0,1.5405999422073364,0,1,-0.9928749799728394,-0.11806099861860275,0.016162000596523285,0,0.11326500028371811,-0.8928850293159485,0.435806006193161,0,-0.03702099993824959,0.43453100323677063,0.8998950123786926,0,-9.940977096557617,-5.272416114807129,-1.0108850002288818,1,0.9804149866104126,-0.1792369931936264,0.08161000162363052,0,0.16549800336360931,0.5251880288124084,-0.83473801612854,0,0.10675600171089172,0.8318960070610046,0.5445659756660461,0,0,43.36484146118164,0,1,0.9918680191040039,0.0015480000292882323,-0.12726199626922607,0,0.1189429983496666,0.3444949984550476,0.9312229752540588,0,0.0452830009162426,-0.9387869834899902,0.34150999784469604,0,0,44.4930305480957,0,1,0.9956790208816528,0.05093599855899811,-0.07764499634504318,0,0.03112100064754486,0.6047459840774536,0.7958099842071533,0,0.0874909982085228,-0.7947880029678345,0.6005480289459229,0,0,20,0,1,-0.8416489958763123,0.0002730000123847276,0.540024995803833,0,0.2345529943704605,-0.9005650281906128,0.3660149872303009,0,0.48642799258232117,0.4347200095653534,0.7578960061073303,0,9.618264198303223,-5.272315979003906,-1.0108870267868042,1,0.9834070205688477,-0.1584469974040985,-0.08834700286388397,0,-0.06670299917459488,0.1370680034160614,-0.9883130192756653,0,0.16870500147342682,0.9778069853782654,0.12422499805688858,0,0,43.3650016784668,0,1,0.9256920218467712,0.35395801067352295,0.13344599306583405,0,-0.35526999831199646,0.6923440098762512,0.6280459761619568,0,0.12991200387477875,-0.6287869811058044,0.7666490077972412,0,0,44.49300003051758,0,1,0.9705380201339722,-0.17173199355602264,0.16900700330734253,0,-0.07640399783849716,0.44588300585746765,0.8918240070343018,0,-0.2285120040178299,-0.878462016582489,0.41962599754333496,0,0,20,0,1
K0.033,0.8412929773330688,0.06086508557200432,0.5371419787406921,0,0.043443962931632996,0.9828150272369385,-0.17940808832645416,0,-0.538830041885376,0.17427004873752594,0.8241909146308899,0,-0.8276938199996948,95.74480438232422,4.04791784286499,1,0.9923760294914246,0.07472187280654907,0.09801296889781952,0,-0.08328287303447723,0.9927759766578674,0.08637302368879318,0,-0.09085098654031754,-0.09387701749801636,0.9914299845695496,0,-0.03810499981045723,9.49051284790039,-1.392063021659851,1,0.9990559816360474,0.0023279625456780195,0.04338298738002777,0,-0.003846962470561266,0.9993810057640076,0.034963008016347885,0,-0.04327498748898506,-0.03509700670838356,0.9984470009803772,0,0,11.190835952758789,0,1,0.9990590214729309,-0.0008580380817875266,0.04336998984217644,0,-0.006937961094081402,0.9837740063667297,0.17927800118923187,0,-0.04281999543309212,-0.17940999567508698,0.9828420281410217,0,0,12.789533615112305,0,1,0.9669939875602722,-0.045025862753391266,-0.25078800320625305,0,0.09970588982105255,0.9726420044898987,0.20982210338115692,0,0.23448002338409424,-0.22790206968784332,0.9450290203094482,0,-0.05686800181865692,14.235771179199219,-2.088092088699341,1,0.9821739792823792,0.12083400040864944,-0.14399300515651703,0,-0.07241199910640717,0.9501129984855652,0.3033849895000458,0,0.17346900701522827,-0.2875500023365021,0.9419260025024414,0,0,3.2802159786224365,0.3133319914340973,1,0.20016391575336456,0.0030850062612444162,-0.9797580242156982,0,0.8858660459518433,-0.42775192856788635,0.1796359270811081,0,-0.4185389578342438,-0.9038910269737244,-0.08835295587778091,0,6.72877311706543,11.756621360778809,-2.058459997177124,1,0.596777081489563,0.435916006565094,0.6736729145050049,0,-0.6401029825210571,0.7648990154266357,0.07209307700395584,0,-0.4838649034500122,-0.47424402832984924,0.7355050444602966,0,0,14.448802947998047,0,1,0.48513197898864746,0.8744410276412964,0,0,-0.8744410276412964,0.48513197898864746,0,0,0,0,1,0,0,23.160301208496094,0,1,-0.6741780042648315,0.023966962471604347,0.7381799817085266,0,0.31996697187423706,0.9102889895439148,0.26267001032829285,0,-0.6656620502471924,0.4132789969444275,-0.621364951133728,0,0,24.07175064086914,0,1,0.9250310063362122,0.3579699993133545,-0.12717700004577637,0,-0.27425700426101685,0.860929012298584,0.4284670054912567,0,0.2628690004348755,-0.3614659905433655,0.8945630192756653,0,-1.5090490579605103,4.173385143280029,1.9265249967575073,1,0.9362890124320984,-0.10189200192689896,-0.3361259996891022,0,0.12251099944114685,0.9916340112686157,0.040658000856637955,0,0.32917100191116333,-0.07924699783325195,0.9409390091896057,0,0,3.8703739643096924,0,1,0.9850190281867981,0.16938400268554688,-0.03235799819231033,0,-0.17130300402641296,0.9826819896697998,-0.0706460028886795,0,0.01983099989593029,0.07513099908828735,0.9969760179519653,0,0,4.710647106170654,0,1,0.9976369738578796,-0.0686039999127388,0.003705000039190054,0,0.05274900048971176,0.7993959784507751,0.5984839797019958,0,-0.04402000084519386,-0.5968739986419678,0.8011260032653809,0,-2.855504035949707,14.669352531433105,0.39876100420951843,1,0.9947599768638611,-0.0885310024023056,-0.051128000020980835,0,0.0885310024023056,0.4958449900150299,0.8638859987258911,0,-0.05112899839878082,-0.8638859987258911,0.5010849833488464,0,0,3.2486159801483154,0,1,0.9990820288658142,-0.04189100116491318,-0.008957999758422375,0,0.04189100116491318,0.9116730093955994,0.4087759852409363,0,-0.008957999758422375,-0.4087759852409363,0.9125909805297852,0,0,2.6595799922943115,0,1,0.9953590035438538,-0.0959710031747818,-0.007052999921143055,0,0.06410200148820877,0.6065970063209534,0.7924209833145142,0,-0.07177100330591202,-0.7891960144042969,0.6099330186843872,0,-0.000014999999621068127,14.409810066223145,0.00001700000029813964,1,0.9939709901809692,-0.0925230011343956,-0.058830998837947845,0,0.0925230011343956,0.4199010133743286,0.9028409719467163,0,-0.05883000046014786,-0.9028409719467163,0.425929993391037,0,0,3.25907301902771,0,1,0.9994959831237793,-0.03136700019240379,-0.004920000210404396,0,0.03136700019240379,0.9514880180358887,0.306084007024765,0,-0.004920000210404396,-0.306084007024765,0.9519919753074646,0,0,2.6398611068725586,0,1,0.9949910044670105,-0.09996099770069122,0.001290000043809414,0,0.04723300039768219,0.4814479947090149,0.8752009868621826,0,-0.08810699731111526,-0.8707559704780579,0.48375800251960754,0,3.3049399852752686,13.191457748413086,-0.3220199942588806,1,0.9927870035171509,-0.09705600142478943,-0.0703829973936081,0,0.09705600142478943,0.30598899722099304,0.9470750093460083,0,-0.0703829973936081,-0.9470750093460083,0.31320199370384216,0,0,2.7176339626312256,0,1,0.9989590048789978,-0.044475000351667404,-0.010160000063478947,0,0.044475000351667404,0.8998219966888428,0.43398499488830566,0,-0.010160000063478947,-0.43398499488830566,0.900862991809845,0,0,2.134459972381592,0,1,0.9903169870376587,-0.07924800366163254,0.11397799849510193,0,-0.08522900193929672,0.3009980022907257,0.9498080015182495,0,-0.10957799851894379,-0.9503260254859924,0.2913289964199066,0,5.614214897155762,11.6363525390625,0.5165519714355469,1,0.99412602186203,-0.09180200099945068,-0.05731600150465965,0,0.09180299937725067,0.4348370134830475,0.89581698179245,0,-0.057314999401569366,-0.89581698179245,0.44071099162101746,0,0,1.5593760013580322,0,1,0.9996860027313232,-0.024853000417351723,-0.003060000017285347,0,0.024853000417351723,0.9698320031166077,0.2425049990415573,0,-0.003060000017285347,-0.2425049990415573,0.9701449871063232,0,0,1.540611982345581,0,1,0.09337997436523438,-0.007138000801205635,0.9956049919128418,0,-0.9059699773788452,-0.41532495617866516,0.08199598640203476,0,0.4129149615764618,-0.9096450209617615,-0.04524898901581764,0,-6.7287678718566895,11.756747245788574,-2.058465003967285,1,0.3663170039653778,-0.929777979850769,-0.03640694543719292,0,0.8689379692077637,0.3278290033340454,0.3707781136035919,0,-0.3328061103820801,-0.1674569994211197,0.928007960319519,0,0,14.448811531066895,0,1,-0.12650103867053986,-0.9919660091400146,0,0,0.9919660091400146,-0.12650103867053986,0,0,0,0,1,0,0,23.16029930114746,0,1,0.5646490454673767,0.4494248628616333,-0.6922339797019958,0,-0.6261409521102905,0.7796970009803772,-0.004529178142547607,0,0.5376979112625122,0.4359930753707886,0.7216589450836182,0,0,24.071699142456055,0,1,0.9025989770889282,-0.42735201120376587,0.05181900039315224,0,0.2998889982700348,0.7105680108070374,0.6365209817886353,0,-0.3088400065898895,-0.5589830279350281,0.7695170044898987,0,1.5090420246124268,4.173398971557617,1.9270000457763672,1,0.8205059766769409,0.46362900733947754,0.3343929946422577,0,-0.42563799023628235,0.8859869837760925,-0.18400800228118896,0,-0.3815790116786957,0.008648999966681004,0.9242960214614868,0,0,3.870431900024414,0,1,0.5643399953842163,0.8182690143585205,-0.10934700071811676,0,-0.8072260022163391,0.5192099809646606,-0.28072699904441833,0,-0.17293600738048553,0.24669399857521057,0.9535380005836487,0,0,4.710330009460449,0,1,0.999422013759613,-0.02994300052523613,-0.016109999269247055,0,0.03270699828863144,0.9761189818382263,0.2147579938173294,0,0.00929499976336956,-0.21516099572181702,0.9765340089797974,0,2.8554959297180176,14.669398307800293,0.39899998903274536,1,0.9990050196647644,0.04278400167822838,0.012626999989151955,0,-0.04278299957513809,0.8388149738311768,0.5427320003509521,0,0.012628000229597092,-0.5427320003509521,0.8398110270500183,0,0,3.2486000061035156,0,1,0.9991809725761414,0.03911399841308594,0.010393000207841396,0,-0.03911399841308594,0.8673350214958191,0.4961850047111511,0,0.010393000207841396,-0.4961850047111511,0.8681550025939941,0,0,2.659600019454956,0,1,0.9906970262527466,0.12305799871683121,0.05810999870300293,0,-0.12212999910116196,0.61558598279953,0.778548002243042,0,0.06003500148653984,-0.7784019708633423,0.624888002872467,0,0.000006000000212225132,14.409799575805664,0,1,0.9916539788246155,0.07357300072908401,0.10587000101804733,0,-0.073573999106884,-0.35138800740242004,0.93333500623703,0,0.10587000101804733,-0.93333500623703,-0.3430429995059967,0,0,3.2590999603271484,0,1,0.9996690154075623,0.025388000532984734,0.004201000090688467,0,-0.025388000532984734,0.9463779926300049,0.3220619857311249,0,0.004201000090688467,-0.3220619857311249,0.9467089772224426,0,0,2.6398000717163086,0,1,0.9972910284996033,0.04317700117826462,-0.05955100059509277,0,0.026534000411629677,0.5439239740371704,0.8387150168418884,0,0.0686039999127388,-0.8380230069160461,0.5413050055503845,0,-3.3049440383911133,13.19150161743164,-0.32199999690055847,1,0.9927870035171509,0.07746899873018265,0.09149699658155441,0,-0.07746899873018265,-0.16791699826717377,0.9827520251274109,0,0.09149699658155441,-0.9827520251274109,-0.16070500016212463,0,0,2.717600107192993,0,1,0.9977549910545349,0.06061699986457825,0.028485000133514404,0,-0.06061699986457825,0.6364110112190247,0.7689650058746338,0,0.028483999893069267,-0.7689650058746338,0.6386560201644897,0,0,2.134500026702881,0,1,0.9959380030632019,0.05527300015091896,-0.0710740014910698,0,0.040651001036167145,0.4283190071582794,0.9027130007743835,0,0.0803380012512207,-0.9019359946250916,0.42433199286460876,0,-5.921977996826172,11.636402130126953,0.5170000195503235,1,0.9946159720420837,0.07793699949979782,0.06829900294542313,0,-0.07793699949979782,0.12819600105285645,0.988681972026825,0,0.06829900294542313,-0.988681972026825,0.13357999920845032,0,0,1.5592999458312988,0,1,0.9969239830970764,0.0679669976234436,0.039016999304294586,0,-0.0679669976234436,0.5019710063934326,0.8622099757194519,0,0.0390160009264946,-0.8622099757194519,0.505046010017395,0,0,1.5405999422073364,0,1,-0.9956939816474915,-0.09270570427179337,-0.0002151418593712151,0,0.08517968654632568,-0.915783166885376,0.39253756403923035,0,-0.03658798336982727,0.39082956314086914,0.9197362065315247,0,-9.940977096557617,-5.272416114807129,-1.0108850002288818,1,0.9811829924583435,-0.17193390429019928,0.08786005526781082,0,0.16691401600837708,0.5265571475028992,-0.83359295129776,0,0.09705988317728043,0.8325719237327576,0.5453470349311829,0,0,43.36484146118164,0,1,0.9920819997787476,0.012660160660743713,-0.12495095282793045,0,0.11503692716360092,0.3075987696647644,0.9445370435714722,0,0.05039311200380325,-0.9514320492744446,0.30370673537254333,0,0,44.4930305480957,0,1,0.9956960082054138,0.050783999264240265,-0.07752799987792969,0,0.03099299967288971,0.6059049963951111,0.794933021068573,0,0.08734499663114548,-0.7939140200614929,0.6017240285873413,0,0,20,0,1,-0.8446800112724304,-0.004363004583865404,0.5352539420127869,0,0.26326411962509155,-0.874046802520752,0.4083302319049835,0,0.46605587005615234,0.48582226037979126,0.7394388914108276,0,9.618264198303223,-5.272315979003906,-1.0108870267868042,1,0.9835609793663025,-0.1528748869895935,-0.09610413014888763,0,-0.06476696580648422,0.1981380432844162,-0.9780316948890686,0,0.1685589849948883,0.9681787490844727,0.18498004972934723,0,0,43.3650016784668,0,1,0.9470691680908203,0.3069385290145874,0.09407173842191696,0,-0.28369638323783875,0.6630397439002991,0.6927444934844971,0,0.1502559632062912,-0.6827644109725952,0.7150216102600098,0,0,44.49300003051758,0,1,0.9778100848197937,-0.1461677998304367,0.1500718593597412,0,-0.06686482578516006,0.46113866567611694,0.8848056197166443,0,-0.1985338181257248,-0.8752066493034363,0.44113272428512573,0,0,20,0,1
